
2014 21 4 14 24 12
experiment 1
trial 1

0 13 15
0 14 15
0 12 15
0 11 15
0 10 15
0 15 16
0 13 18
0 10 18
0 11 18
0 9 18
0 15 19
0 15 20
0 14 20
0 12 21
0 15 23
0 9 24
0 15 25
0 14 25
0 9 26
1 10 19
1 13 19
1 11 19
1 11 20
1 11 23
1 10 25
2 13 20
2 13 20
2 13 21
2 11 21
2 11 25
2 10 23
3 13 16
3 11 16
3 14 16
3 10 16
3 12 16
3 12 17
3 10 17
3 9 17
3 13 17
3 11 17
3 14 17
3 15 18
3 12 18
3 14 18
3 9 20
3 9 21
3 15 22
3 13 22
3 12 22
3 14 22
3 9 22
3 14 23
3 12 23
3 13 23
3 9 23
3 13 24
3 14 24
3 12 24
3 14 25
3 12 25
3 13 25
3 12 26
3 10 26
3 11 26
