
2014 21 4 15 15 34
experiment 1
trial 4

0 1 1
0 7 1
0 1 2
0 21 7
0 23 7
0 15 13
0 9 13
0 7 13
0 17 13
0 7 15
0 17 15
0 1 15
0 23 15
0 12 16
0 11 16
0 12 17
0 10 17
0 10 18
0 13 17
0 13 19
0 11 19
0 9 19
0 17 20
0 15 20
0 7 21
0 1 21
0 12 22
0 14 21
0 23 25
0 23 26
0 23 27
0 17 27
0 14 26
0 7 27
0 1 27
1 2 1
1 6 1
1 5 1
1 3 1
1 2 1
1 3 1
1 5 2
1 2 2
1 6 5
1 10 5
1 2 5
1 14 5
1 10 9
1 10 9
1 6 9
1 14 9
1 2 9
1 2 19
1 5 19
1 5 23
1 2 23
2 6 1
2 2 2
2 5 2
2 2 5
2 10 5
2 6 5
2 10 5
2 2 9
3 12 1
3 20 1
3 4 1
3 4 2
3 20 2
3 12 2
3 4 3
3 4 4
3 4 5
3 4 6
3 4 7
3 4 8
3 4 9
3 4 10
3 4 11
3 20 12
3 12 12
3 20 12
3 4 12
3 12 13
3 4 13
3 20 13
3 4 15
3 20 15
3 20 15
3 20 16
3 20 16
3 20 16
3 4 16
3 13 17
3 11 17
3 14 17
3 10 17
3 20 17
3 12 17
3 12 18
3 9 18
3 20 18
3 14 18
3 10 18
3 13 18
3 11 18
3 20 19
3 12 19
3 14 19
3 20 20
3 20 21
3 20 22
3 20 23
3 20 24
3 20 25
3 20 26
3 20 27
