
2014 14 5 13 5 28
experiment 3
trial 16

0 18 1
0 17 1
0 17 1
0 19 1
0 18 1
0 16 1
0 2 3
0 7 3
0 17 3
0 18 3
0 13 3
0 21 3
0 9 3
0 20 3
0 18 3
0 19 3
0 7 3
0 2 3
0 8 3
0 4 3
0 21 5
0 20 5
0 19 5
0 15 7
0 10 7
0 6 7
0 15 7
0 16 7
0 6 7
0 17 7
0 10 7
0 18 9
0 20 9
0 19 9
0 18 9
0 20 11
0 21 11
0 19 11
0 20 11
0 9 11
0 2 11
0 19 11
0 21 13
0 19 13
0 21 13
0 9 13
0 21 13
0 20 13
0 11 13
0 4 13
0 9 13
0 19 13
0 6 13
0 14 13
0 20 15
0 11 15
0 19 15
0 20 15
0 11 15
0 3 15
0 19 15
0 21 17
0 21 17
0 16 19
0 11 19
0 18 19
0 11 19
0 4 19
0 8 19
0 16 19
0 14 19
0 2 21
0 18 23
0 11 23
0 3 23
0 18 23
0 6 23
