
2014 14 5 11 56 57
experiment 3
trial 3

0 4 9
0 10 9
0 9 9
0 11 9
0 10 9
0 4 9
0 1 9
0 11 9
0 9 9
0 2 9
0 3 9
0 11 10
0 11 10
0 1 10
0 17 13
0 16 13
0 21 13
0 17 13
0 18 13
0 19 13
0 16 13
0 20 13
0 14 13
0 13 13
0 15 13
0 19 19
0 18 19
0 19 19
0 20 19
0 2 19
0 18 19
0 6 19
0 1 19
0 21 19
0 7 19
0 8 19
0 5 23
0 4 23
0 3 23
3 10 0
3 16 0
3 14 0
3 8 0
3 7 0
3 19 0
3 17 0
3 15 0
3 18 0
3 20 0
3 13 0
3 11 0
3 21 0
3 9 0
3 16 8
3 13 8
3 19 8
3 17 8
3 14 8
3 18 8
3 15 8
3 7 15
3 9 16
3 10 16
3 7 16
3 11 16
3 8 16
3 10 23
3 11 24
3 10 24
3 9 24
3 8 24
