7.335301192384546E-6 7.335301192384546E-6 0.43307767177533263
7.335301192384546E-6 7.335301192384546E-6 0.4330790454169495
7.335301192384546E-6 7.335301192384546E-6 0.4330804092294843
7.335301192384546E-6 7.335301192384546E-6 0.4330817641549375
7.335301192384546E-6 7.335301192384546E-6 0.43308311063496696
7.335301192384546E-6 7.335301192384546E-6 0.4330844489987002
7.335301192384546E-6 7.335301192384546E-6 0.4330857763367388
0.0421553407523554 0.04089647106165976 0.376644805963839
0 0 0
0 0 0.07396585562590785
0 0 0.34524970664409244
0 0 0.43472593260955045
0.03758063221137329 0 0.03458444774398422
0.018703014903067194 0 1.2345545473542436E-7
0.020122434143429988 0 0
0.060043448239693785 0.044686447172995296 0
0.06004344823969378 0.044686447172995296 0.09201940086115393
